2 1 15.86 27.52 1 417 0.5286 0.4714
2 2 28.0 32.37 2 449 0.5051 0.4949
2 3 34.16 33.32 3 527 0.5046 0.4954
2 4 38.14 33.46 4 414 0.5042 0.4958
2 5 41.34 33.52 5 421 0.5048 0.4952
2 6 44.03 33.67 6 432 0.5053 0.4947
2 7 46.69 33.86 7 469 0.5041 0.4959
2 8 49.21 33.85 8 447 0.5045 0.4955
2 9 51.74 34.04 9 473 0.5039 0.4961
2 10 54.34 34.12 10 434 0.5035 0.4965
2 11 56.82 34.23 13 504 0.5050 0.4950
2 12 59.58 34.65 14 638 0.5035 0.4965
2 13 62.06 34.68 15 497 0.5042 0.4958
2 14 64.64 34.81 16 430 0.5051 0.4949
2 15 67.27 34.94 18 510 0.5048 0.4952
3 1 8.6 16.83 1 259 0.3949 0.3347 0.2704
3 2 20.13 22.68 3 278 0.3486 0.3350 0.3164
3 3 27.43 24.23 5 371 0.3432 0.3332 0.3236
3 4 32.99 24.95 7 389 0.3405 0.3339 0.3256
3 5 37.75 25.37 9 330 0.3409 0.3328 0.3263
3 6 42.21 25.82 11 327 0.3411 0.3330 0.3259
3 7 46.49 26.15 13 413 0.3401 0.3315 0.3284
3 8 50.72 26.68 15 396 0.3414 0.3318 0.3268
3 9 54.79 26.93 17 364 0.3408 0.3316 0.3275
3 10 58.93 27.32 20 372 0.3410 0.3318 0.3273
3 11 63.11 27.75 23 356 0.3419 0.3323 0.3259
3 12 67.17 28.11 23 377 0.3391 0.3330 0.3279
3 13 71.22 28.43 26 356 0.3402 0.3337 0.3261
3 14 75.24 28.83 29 388 0.3412 0.3318 0.3270
3 15 79.31 29.19 31 407 0.3391 0.3326 0.3283
4 1 5.82 11.73 1 239 0.3381 0.2778 0.2078 0.1763
4 2 16.86 18.1 3 236 0.2730 0.2616 0.2379 0.2275
4 3 25.2 20.36 5 273 0.2642 0.2555 0.2427 0.2376
4 4 32.2 21.72 7 283 0.2615 0.2542 0.2447 0.2395
4 5 38.5 22.72 9 324 0.2597 0.2543 0.2438 0.2421
4 6 44.4 23.58 12 271 0.2588 0.2539 0.2436 0.2437
4 7 50.11 24.44 15 294 0.2602 0.2526 0.2444 0.2428
4 8 55.72 25.15 18 308 0.2590 0.2532 0.2453 0.2424
4 9 61.28 25.95 21 322 0.2582 0.2538 0.2444 0.2436
4 10 66.71 26.62 25 333 0.2588 0.2515 0.2457 0.2440
4 11 72.24 27.33 27 313 0.2574 0.2533 0.2446 0.2447
4 12 77.59 27.97 30 319 0.2591 0.2525 0.2457 0.2426
4 13 82.87 28.56 34 365 0.2576 0.2536 0.2463 0.2425
4 14 88.35 29.34 36 350 0.2570 0.2529 0.2463 0.2438
4 15 93.85 30.05 40 344 0.2573 0.2529 0.2463 0.2435
5 1 4.49 8.65 1 289 0.3094 0.2526 0.1781 0.1387 0.1212
5 2 15.55 15.47 3 260 0.2310 0.2196 0.1953 0.1812 0.1730
5 3 25.09 18.64 5 257 0.2172 0.2101 0.1965 0.1890 0.1870
5 4 33.38 20.57 7 286 0.2143 0.2071 0.1979 0.1907 0.1901
5 5 41.02 22.12 10 311 0.2123 0.2056 0.1984 0.1932 0.1905
5 6 48.31 23.34 14 325 0.2110 0.2052 0.1990 0.1928 0.1920
5 7 55.4 24.53 17 312 0.2103 0.2050 0.1981 0.1929 0.1936
5 8 62.34 25.57 21 370 0.2100 0.2045 0.1981 0.1936 0.1939
5 9 69.14 26.6 25 302 0.2100 0.2047 0.1979 0.1941 0.1933
5 10 75.91 27.58 29 362 0.2100 0.2050 0.1979 0.1947 0.1923
5 11 82.7 28.58 34 353 0.2091 0.2052 0.1983 0.1939 0.1935
5 12 89.48 29.59 38 383 0.2064 0.2039 0.1998 0.1962 0.1937
5 13 96.18 30.5 40 374 0.2078 0.2047 0.1986 0.1953 0.1936
5 14 103.03 31.39 46 378 0.2083 0.2040 0.1996 0.1949 0.1931
5 15 109.5 31.99 48 382 0.2079 0.2021 0.2003 0.1970 0.1927
6 1 3.83 6.74 1 216 0.2963 0.2368 0.1619 0.1196 0.0959 0.0895
6 2 15.11 13.78 3 218 0.2035 0.1915 0.1691 0.1544 0.1425 0.1390
6 3 25.61 17.59 5 257 0.1857 0.1798 0.1679 0.1605 0.1544 0.1518
6 4 35.09 20.01 7 246 0.1812 0.1768 0.1673 0.1633 0.1558 0.1557
6 5 44.0 22.03 12 264 0.1797 0.1742 0.1669 0.1625 0.1591 0.1577
6 6 52.54 23.74 15 315 0.1791 0.1735 0.1666 0.1636 0.1571 0.1602
6 7 60.84 25.11 20 355 0.1781 0.1732 0.1672 0.1632 0.1593 0.1590
6 8 69.0 26.57 23 334 0.1763 0.1722 0.1664 0.1655 0.1600 0.1596
6 9 77.07 27.97 27 377 0.1756 0.1721 0.1669 0.1646 0.1603 0.1605
6 10 85.21 29.23 31 436 0.1758 0.1721 0.1671 0.1637 0.1612 0.1600
6 11 93.26 30.59 37 372 0.1747 0.1722 0.1683 0.1643 0.1611 0.1594
6 12 101.24 31.62 42 352 0.1748 0.1722 0.1679 0.1646 0.1608 0.1597
6 13 109.11 32.42 48 413 0.1750 0.1719 0.1668 0.1643 0.1619 0.1600
6 14 116.66 32.89 49 385 0.1746 0.1712 0.1669 0.1652 0.1612 0.1609
6 15 123.87 33.19 58 405 0.1741 0.1716 0.1664 0.1657 0.1621 0.1601
7 1 3.45 5.4 1 172 0.2875 0.2294 0.1531 0.1091 0.0821 0.0689 0.0699
7 2 15.08 12.66 3 247 0.1841 0.1725 0.1515 0.1366 0.1249 0.1161 0.1143
7 3 26.52 16.96 5 280 0.1639 0.1578 0.1475 0.1410 0.1346 0.1280 0.1272
7 4 37.13 19.93 8 324 0.1590 0.1536 0.1460 0.1405 0.1374 0.1321 0.1313
7 5 47.15 22.21 11 276 0.1566 0.1518 0.1445 0.1424 0.1378 0.1340 0.1328
7 6 56.78 24.11 16 326 0.1539 0.1509 0.1453 0.1416 0.1393 0.1342 0.1348
7 7 66.41 26.05 22 379 0.1542 0.1501 0.1456 0.1414 0.1383 0.1352 0.1352
7 8 75.76 27.75 27 321 0.1539 0.1496 0.1454 0.1414 0.1388 0.1355 0.1355
7 9 85.2 29.44 32 360 0.1522 0.1490 0.1451 0.1427 0.1383 0.1368 0.1358
7 10 94.5 30.96 34 382 0.1517 0.1483 0.1442 0.1420 0.1398 0.1367 0.1373
7 11 103.75 32.2 42 404 0.1516 0.1485 0.1439 0.1420 0.1388 0.1380 0.1372
7 12 112.78 33.17 47 375 0.1509 0.1476 0.1444 0.1419 0.1398 0.1384 0.1370
7 13 121.34 33.61 53 447 0.1502 0.1487 0.1457 0.1425 0.1393 0.1370 0.1366
7 14 129.33 34.07 59 409 0.1506 0.1488 0.1445 0.1412 0.1403 0.1377 0.1369
8 1 3.22 4.42 1 176 0.2823 0.2257 0.1477 0.1022 0.0741 0.0590 0.0520 0.0572
8 2 15.25 11.71 3 209 0.1685 0.1583 0.1376 0.1246 0.1133 0.1054 0.0968 0.0956
8 3 27.49 16.37 5 289 0.1471 0.1419 0.1323 0.1253 0.1196 0.1155 0.1084 0.1098
8 4 39.24 19.82 7 256 0.1408 0.1369 0.1301 0.1253 0.1213 0.1182 0.1125 0.1149
8 5 50.33 22.48 13 291 0.1396 0.1346 0.1288 0.1251 0.1214 0.1185 0.1153 0.1167
8 6 61.18 24.83 18 300 0.1363 0.1333 0.1285 0.1253 0.1224 0.1199 0.1177 0.1166
8 7 71.89 26.99 24 334 0.1367 0.1331 0.1278 0.1251 0.1224 0.1198 0.1170 0.1180
8 8 82.56 29.05 30 343 0.1352 0.1325 0.1282 0.1247 0.1225 0.1205 0.1181 0.1182
8 9 93.12 30.83 32 437 0.1345 0.1320 0.1270 0.1254 0.1226 0.1213 0.1188 0.1184
8 10 103.67 32.49 39 396 0.1343 0.1313 0.1275 0.1252 0.1225 0.1209 0.1204 0.1179
8 11 113.68 33.48 47 366 0.1327 0.1319 0.1273 0.1258 0.1232 0.1207 0.1191 0.1191
8 12 123.31 34.28 51 426 0.1327 0.1307 0.1268 0.1258 0.1238 0.1216 0.1198 0.1188
9 1 3.1 3.87 1 174 0.2802 0.2213 0.1442 0.0992 0.0696 0.0524 0.0429 0.0410 0.0492
9 2 15.6 11.02 3 213 0.1579 0.1479 0.1275 0.1153 0.1040 0.0943 0.0872 0.0827 0.0831
9 3 28.71 16.12 5 311 0.1349 0.1304 0.1192 0.1150 0.1075 0.1036 0.0992 0.0938 0.0964
9 4 41.4 19.86 7 292 0.1279 0.1240 0.1179 0.1141 0.1084 0.1056 0.1028 0.0986 0.1007
9 5 53.56 22.82 14 301 0.1258 0.1220 0.1155 0.1116 0.1106 0.1068 0.1038 0.1014 0.1025
9 6 65.59 25.56 18 354 0.1245 0.1202 0.1146 0.1122 0.1096 0.1077 0.1051 0.1029 0.1032
9 7 77.45 28.08 24 360 0.1220 0.1196 0.1159 0.1128 0.1095 0.1073 0.1055 0.1034 0.1041
9 8 89.27 30.37 30 394 0.1210 0.1180 0.1144 0.1117 0.1102 0.1080 0.1070 0.1039 0.1059
9 9 100.92 32.13 36 371 0.1193 0.1186 0.1139 0.1124 0.1107 0.1079 0.1071 0.1047 0.1054
9 10 112.29 33.56 43 399 0.1201 0.1172 0.1144 0.1117 0.1104 0.1082 0.1071 0.1053 0.1056
9 11 123.21 34.79 51 455 0.1189 0.1182 0.1142 0.1125 0.1102 0.1078 0.1070 0.1050 0.1060
10 1 3.02 3.37 1 153 0.2773 0.2198 0.1413 0.0973 0.0673 0.0487 0.0376 0.0325 0.0336 0.0447
10 2 16.06 10.49 3 233 0.1483 0.1404 0.1189 0.1084 0.0971 0.0882 0.0806 0.0754 0.0702 0.0724
10 3 29.98 15.84 5 262 0.1240 0.1205 0.1106 0.1054 0.0993 0.0947 0.0909 0.0872 0.0828 0.0846
10 4 43.56 19.9 8 262 0.1164 0.1141 0.1079 0.1039 0.0994 0.0957 0.0935 0.0909 0.0879 0.0902
10 5 56.86 23.37 14 346 0.1142 0.1116 0.1053 0.1025 0.1000 0.0981 0.0951 0.0924 0.0895 0.0912
10 6 69.98 26.36 20 364 0.1124 0.1099 0.1048 0.1030 0.0996 0.0977 0.0954 0.0936 0.0914 0.0923
10 7 83.06 29.13 28 436 0.1110 0.1085 0.1050 0.1024 0.0994 0.0977 0.0956 0.0943 0.0931 0.0931
10 8 95.95 31.55 31 388 0.1099 0.1064 0.1035 0.1019 0.1004 0.0983 0.0967 0.0956 0.0935 0.0937
10 9 108.43 33.23 40 398 0.1087 0.1080 0.1047 0.1011 0.0994 0.0985 0.0964 0.0953 0.0938 0.0941
10 10 120.8 34.97 49 418 0.1089 0.1067 0.1039 0.1027 0.1004 0.0978 0.0963 0.0949 0.0942 0.0943
