2 1 0 17.39 991.5 0.5316 0.4684
2 2 0 30.87 1391.2 0.5064 0.4936
2 3 0 37.72 1490.7 0.5048 0.4952
2 5 0 45.56 1551.0 0.5043 0.4957
2 7 0 51.32 1560.6 0.5038 0.4962
2 10 0 59.24 1602.7 0.5054 0.4946
2 20 0 85.33 1771.5 0.5043 0.4957
2 40 0 134.86 2083.8 0.5063 0.4937
2 80 0 226.81 2854.6 0.5022 0.4978
2 160 0 397.61 3720.1 0.5020 0.4980
2 320 0 736.42 3219.5 0.5037 0.4963
3 1 0 9.21 355.7 0.3969 0.3341 0.2690
3 2 0 21.66 672.7 0.3497 0.3350 0.3152
3 3 0 29.43 773.3 0.3433 0.3344 0.3223
3 5 0 40.32 851.8 0.3411 0.3309 0.3280
3 7 0 49.37 919.8 0.3411 0.3331 0.3258
3 10 0 62.33 1006.5 0.3374 0.3336 0.3290
3 20 0 102.91 1257.2 0.3389 0.3328 0.3283
3 40 0 181.21 1776.5 0.3370 0.3355 0.3275
3 80 0 331.05 2911.2 0.3347 0.3350 0.3303
3 160 0 618.8 5299.2 0.3364 0.3335 0.3301
3 320 0 1178.83 9586.0 0.3358 0.3328 0.3314
4 1 0 6.06 164.8 0.3412 0.2786 0.2059 0.1744
4 2 0 17.52 389.4 0.2743 0.2614 0.2371 0.2272
4 3 0 26.31 508.4 0.2624 0.2560 0.2423 0.2392
4 5 0 40.09 641.5 0.2582 0.2531 0.2468 0.2419
4 7 0 51.97 743.7 0.2600 0.2530 0.2457 0.2413
4 10 0 68.99 882.0 0.2564 0.2549 0.2449 0.2437
4 20 0 122.7 1312.7 0.2544 0.2528 0.2487 0.2441
4 40 0 224.16 2148.6 0.2543 0.2510 0.2485 0.2462
4 80 0 415.77 4010.0 0.2544 0.2516 0.2482 0.2458
4 160 0 776.49 7010.3 0.2534 0.2516 0.2497 0.2453
4 320 0 1481.07 8237.7 0.2523 0.2517 0.2496 0.2463
6 1 0 3.93 53.6 0.3005 0.2375 0.1607 0.1183 0.0943 0.0887
6 2 0 15.38 217.7 0.2038 0.1924 0.1676 0.1551 0.1428 0.1382
6 3 0 26.03 350.1 0.1864 0.1787 0.1685 0.1616 0.1538 0.1510
6 5 0 44.78 556.2 0.1805 0.1751 0.1665 0.1635 0.1579 0.1566
6 7 0 61.88 725.5 0.1768 0.1732 0.1678 0.1634 0.1598 0.1590
6 10 0 86.51 963.6 0.1760 0.1721 0.1680 0.1635 0.1601 0.1603
6 20 0 164.49 1662.6 0.1722 0.1703 0.1681 0.1658 0.1627 0.1609
6 40 0 312.85 3071.6 0.1728 0.1682 0.1683 0.1656 0.1626 0.1624
6 80 0 594.56 5982.6 0.1702 0.1692 0.1668 0.1676 0.1639 0.1623
6 160 0 1130.99 10207.4 0.1705 0.1678 0.1668 0.1654 0.1659 0.1637
6 320 0 2190.6 12106.0 0.1692 0.1685 0.1678 0.1664 0.1646 0.1636
